C100826-20150614	20150610	ZQS	2000	Q1	100826	2002	20010001	242	PAL	18	0	4356	1100	20150610	20150610
C100826-20150614	20150610	ZQS	2000	Q1	100826	2002	20010023	414	CV	.75	0	310.5	1100	20150610	20150610
C100826-20150614	20150610	ZQS	2000	Q1	100826	2002	20010002	30	PAL	25	0	750	1100	20150610	20150610
C100826-20150614	20150610	ZQS	2000	Q1	100826	2002	20010002	0	PAL	25	0	0	1100	20150610	20140710
C100826-20150614	20150611	ZQS	2000	Q1	100826	2002	20010002	55	PAL	25	0	1375	1100	20150611	20150613
C100826-20150614	20150612	ZQS	2000	Q1	100826	2002	20010023	131	CV	.75	0	98.25	1100	20150612	20150612
C100826-20150614	20150612	ZQS	2000	Q1	100826	2002	20010025	131	CV	3	0	393	1100	20150612	20150612
C100826-20150614	20150613	ZQS	2000	Q1	100826	2002	20010002	1658	PAL	25	0	41450	1100	20150613	20150619
C100826-20150614	20150613	ZQS	2000	Q1	100826	2002	20010002	14	PAL	25	0	350	1100	20150613	20150612
C100826-20150614	20150613	ZQS	2000	Q1	100826	2002	20010004	15462	CV	.550008	0	8504.22	1100	20150613	20150613
C100826-20150614	20150610	ZQS	2000	Q1	100826	2002	20010002	17	PAL	25	0	425	1100	20150610	20150614
C100826-20150614	20150611	ZQS	2000	Q1	100826	2002	20010025	282	CV	3	0	846	1100	20150611	20150611
C100826-20150614	20150611	ZQS	2000	Q1	100826	2002	20010002	58	PAL	25	0	1450	1100	20150611	20150616
C100826-20150614	20150611	ZQS	2000	Q1	100826	2002	20010002	1722	PAL	25	0	43050	1100	20150611	20150617
C100826-20150614	20150612	ZQS	2000	Q1	100826	2002	20010001	11	PAL	18	0	198	1100	20150612	20150612
C100826-20150614	20150614	ZQS	2000	Q1	100826	2002	20010001	137	PAL	18	0	2466	1100	20150614	20150614
C100826-20150614	20150613	ZQS	2000	Q1	100826	2002	20010003	75	PAL	18	0	1350	1100	20150613	20150613
C100826-20150614	20150614	ZQS	2000	Q1	100826	2002	20010003	112	PAL	18	0	2016	1100	20150614	20150614
C100826-20150614	20150609	ZQS	2000	Q1	100826	2002	20010002	1	PAL	25	0	25	1100	20150609	20150615
C100826-20150614	20150610	ZQS	2000	Q1	100826	2002	20010002	9	PAL	25	0	225	1100	20150610	20150615
C100826-20150614	20150610	ZQS	2000	Q1	100826	2002	20010002	1	PAL	25	0	25	1100	20150610	20150513
C100826-20150614	20150612	ZQS	2000	Q1	100826	2002	20010002	4	PAL	25	0	100	1100	20150612	20150615
C100826-20150614	20150612	ZQS	2000	Q1	100826	2002	20010002	2	PAL	25	0	50	1100	20150612	20150614
C100826-20150614	20150613	ZQS	2000	Q1	100826	2002	20010001	371	PAL	18	0	6678	1100	20150613	20150613
C100826-20150614	20150613	ZQS	2000	Q1	100826	2002	20010002	108	PAL	25	0	2700	1100	20150613	20150615
C100826-20150614	20150613	ZQS	2000	Q1	100826	2002	20010002	7	PAL	25	0	175	1100	20150613	20150617
C100826-20150614	20150613	ZQS	2000	Q1	100826	2002	20010002	1	PAL	25	0	25	1100	20150613	20150611
C100826-20150614	20150610	ZQS	2000	Q1	100826	2002	20010091	93	CV	2	0	186	1100	20150610	20150610
C100826-20150614	20150611	ZQS	2000	Q1	100826	2002	20010004	18231	CV	.550008	0	10027.2	1100	20150611	20150611
C100826-20150614	20150611	ZQS	2000	Q1	100826	2002	20010003	105	PAL	18	0	1890	1100	20150611	20150611
C100826-20150614	20150613	ZQS	2000	Q1	100826	2002	20010003	4	PAL	26.28	0	105.12	1100	20150613	20150613
C100826-20150614	20150614	ZQS	2000	Q1	100826	2002	20010091	16941	CV	2	0	33882	1100	20150614	20150614
C100826-20150614	20150611	ZQS	2000	Q1	100826	2002	20010002	17	PAL	25	0	425	1100	20150611	20150614
C100826-20150614	20150611	ZQS	2000	Q1	100826	2002	20010002	25	PAL	25	0	625	1100	20150611	20150615
C100826-20150614	20150613	ZQS	2000	Q1	100826	2002	20010002	2	PAL	25	0	50	1100	20150613	20150607
C100826-20150614	20150613	ZQS	2000	Q1	100826	2002	20010025	240	CV	3	0	720	1100	20150613	20150613
C100826-20150614	20150614	ZQS	2000	Q1	100826	2002	20010002	2	PAL	25	0	50	1100	20150614	20150615
C100826-20150614	20150614	ZQS	2000	Q1	100826	2002	20010002	8	PAL	25	0	200	1100	20150614	20150612
C100826-20150614	20150607	ZQS	2000	Q1	100826	2002	20010002	1	PAL	25	0	25	1100	20150607	20150613
C100826-20150614	20150610	ZQS	2000	Q1	100826	2002	20010002	4	PAL	25	0	100	1100	20150610	20150602
C100826-20150614	20150611	ZQS	2000	Q1	100826	2002	20010002	46	PAL	25	0	1150	1100	20150611	20150610
C100826-20150614	20150611	ZQS	2000	Q1	100826	2002	20010002	1	PAL	25	0	25	1100	20150611	20150609
C100826-20150614	20150612	ZQS	2000	Q1	100826	2002	20010002	6	PAL	25	0	150	1100	20150612	20150613
C100826-20150614	20150612	ZQS	2000	Q1	100826	2002	20010002	6	PAL	25	0	150	1100	20150612	20150616
C100826-20150614	20150612	ZQS	2000	Q1	100826	2002	20010002	1	PAL	25	0	25	1100	20150612	20150609
C100826-20150614	20150613	ZQS	2000	Q1	100826	2002	20010002	16	PAL	25	0	400	1100	20150613	20150610
C100826-20150614	20150613	ZQS	2000	Q1	100826	2002	20010002	26	PAL	25	0	650	1100	20150613	20150613
C100826-20150614	20150613	ZQS	2000	Q1	100826	2002	20010002	1	PAL	25	0	25	1100	20150613	20150412
C100826-20150614	20150614	ZQS	2000	Q1	100826	2002	20010002	31	PAL	25	0	775	1100	20150614	20150613
C100826-20150614	20150610	ZQS	2000	Q1	100826	2002	20010004	1026	CV	.550008	0	564.31	1100	20150610	20150610
C100826-20150614	20150611	ZQS	2000	Q1	100826	2002	20010003	1	PAL	26.28	0	26.28	1100	20150611	20150611
C100826-20150614	20150614	ZQS	2000	Q1	100826	2002	20010004	693	CV	.80301168	0	556.49	1100	20150614	20150614
C100826-20150614	20150614	ZQS	2000	Q1	100826	2002	20010003	4	PAL	26.28	0	105.12	1100	20150614	20150614
C100826-20150614	20150610	ZQS	2000	Q1	100826	2002	20010025	414	CV	3	0	1242	1100	20150610	20150610
C100826-20150614	20150610	ZQS	2000	Q1	100826	2002	20010002	11	PAL	25	0	275	1100	20150610	20150612
C100826-20150614	20150610	ZQS	2000	Q1	100826	2002	20010002	1	PAL	25	0	25	1100	20150610	20150607
C100826-20150614	20150611	ZQS	2000	Q1	100826	2002	20010002	30	PAL	25	0	750	1100	20150611	20150612
C100826-20150614	20150611	ZQS	2000	Q1	100826	2002	20010001	334	PAL	18	0	6012	1100	20150611	20150611
C100826-20150614	20150613	ZQS	2000	Q1	100826	2002	20010002	22	PAL	25	0	550	1100	20150613	20150614
C100826-20150614	20150614	ZQS	2000	Q1	100826	2002	20010023	104	CV	.75	0	78	1100	20150614	20150614
C100826-20150614	20150610	ZQS	2000	Q1	100826	2002	20010002	114	PAL	25	0	2850	1100	20150610	20150616
C100826-20150614	20150610	ZQS	2000	Q1	100826	2002	20010002	10	PAL	25	0	250	1100	20150610	20150613
C100826-20150614	20150610	ZQS	2000	Q1	100826	2002	20010002	42	PAL	25	0	1050	1100	20150610	20150525
C100826-20150614	20150612	ZQS	2000	Q1	100826	2002	20010002	4	PAL	25	0	100	1100	20150612	20150610
C100826-20150614	20150613	ZQS	2000	Q1	100826	2002	20010002	119	PAL	25	0	2975	1100	20150613	20150616
C100826-20150614	20150614	ZQS	2000	Q1	100826	2002	20010025	104	CV	3	0	312	1100	20150614	20150614
C100826-20150614	20150614	ZQS	2000	Q1	100826	2002	20010002	38	PAL	25	0	950	1100	20150614	20150616
C100826-20150614	20150614	ZQS	2000	Q1	100826	2002	20010002	1	PAL	25	0	25	1100	20150614	20150617
C100826-20150614	20150611	ZQS	2000	Q1	100826	2002	20010091	16021	CV	2	0	32042	1100	20150611	20150611
C100826-20150614	20150613	ZQS	2000	Q1	100826	2002	20010004	700	CV	.80301168	0	562.11	1100	20150613	20150613
C100826-20150614	20150614	ZQS	2000	Q1	100826	2002	20010004	17601	CV	.550008	0	9680.69	1100	20150614	20150614
C100826-20150614	20150610	ZQS	2000	Q1	100826	2002	20010002	1	PAL	25	0	25	1100	20150610	20150502
C100826-20150614	20150611	ZQS	2000	Q1	100826	2002	20010023	282	CV	.75	0	211.5	1100	20150611	20150611
C100826-20150614	20150612	ZQS	2000	Q1	100826	2002	20010002	3	PAL	25	0	75	1100	20150612	20150612
C100826-20150614	20150613	ZQS	2000	Q1	100826	2002	20010023	240	CV	.75	0	180	1100	20150613	20150613
C100826-20150614	20150614	ZQS	2000	Q1	100826	2002	20010002	5	PAL	25	0	125	1100	20150614	20150610
C100826-20150614	20150614	ZQS	2000	Q1	100826	2002	20010002	1	PAL	25	0	25	1100	20150614	20150614
C100826-20150614	20150614	ZQS	2000	Q1	100826	2002	20010002	1669	PAL	25	0	41725	1100	20150614	20150620
C100826-20150614	20150610	ZQS	2000	Q1	100826	2002	20010004	106	CV	.80301168	0	85.12	1100	20150610	20150610
C100826-20150614	20150611	ZQS	2000	Q1	100826	2002	20010004	718	CV	.80301168	0	576.56	1100	20150611	20150611
C100826-20150614	20150613	ZQS	2000	Q1	100826	2002	20010091	12667	CV	2	0	25334	1100	20150613	20150613
C100826-20150614	20150612	ZQS	2000	Q1	100826	2002	20010002	43	PAL	25	0	1075	1100	20150612	20150618
D100826-20150614	20150613	ZQS	2000	Q1	100826	2001	20010093	429	CV	2	0	858	1100	20150613	20150613
D100826-20150614	20150611	ZQS	2000	Q1	100826	2001	20010002	124	PAL	19	0	2356	1100	20150611	20150617
D100826-20150614	20150613	ZQS	2000	Q1	100826	2001	20010002	47	PAL	19	0	893	1100	20150613	20150619
D100826-20150614	20150611	ZQS	2000	Q1	100826	2001	20010004	18	CV	.550008	0	9.9	1100	20150611	20150611
D100826-20150614	20150610	ZQS	2000	Q1	100826	2001	20010003	43	PAL	18	0	774	1100	20150610	20150610
D100826-20150614	20150610	ZQS	2000	Q1	100826	2001	20010004	22	CV	.550008	0	12.1	1100	20150610	20150610
D100826-20150614	20150614	ZQS	2000	Q1	100826	2001	20010002	1	PAL	19	0	19	1100	20150614	20150621
D100826-20150614	20150613	ZQS	2000	Q1	100826	2001	20010003	20	PAL	26.28	0	525.6	1100	20150613	20150613
D100826-20150614	20150613	ZQS	2000	Q1	100826	2001	20010003	22	PAL	18	0	396	1100	20150613	20150613
D100826-20150614	20150611	ZQS	2000	Q1	100826	2001	20010003	36	PAL	18	0	648	1100	20150611	20150611
D100826-20150614	20150613	ZQS	2000	Q1	100826	2001	20010004	9	CV	.80301168	0	7.23	1100	20150613	20150613
D100826-20150614	20150614	ZQS	2000	Q1	100826	2001	20010002	6	PAL	19	0	114	1100	20150614	20150620
E100826-20150614	20150613	ZQS	2000	Q1	100826	2051	20010002	1	PAL	25	0	25	1100	20150613	20150616
E100826-20150614	20150610	ZQS	2000	Q1	100826	2051	20010091	29	CV	2	0	58	1100	20150610	20150610
E100826-20150614	20150610	ZQS	2000	Q1	100826	2051	20010003	5	PAL	18	0	90	1100	20150610	20150610
E100826-20150614	20150613	ZQS	2000	Q1	100826	2051	20010091	182	CV	2	0	364	1100	20150613	20150613
E100826-20150614	20150607	ZQS	2000	Q1	100826	2051	20010002	3	PAL	25	0	75	1100	20150607	20150613
E100826-20150614	20150613	ZQS	2000	Q1	100826	2051	20010002	28	PAL	25	0	700	1100	20150613	20150619
E100826-20150614	20150611	ZQS	2000	Q1	100826	2051	20010004	267	CV	.550008	0	146.85	1100	20150611	20150611
E100826-20150614	20150608	ZQS	2000	Q1	100826	2051	20010002	1	PAL	25	0	25	1100	20150608	20150614
E100826-20150614	20150612	ZQS	2000	Q1	100826	2051	20010002	11	PAL	25	0	275	1100	20150612	20150618
E100826-20150614	20150610	ZQS	2000	Q1	100826	2051	20010002	1	PAL	25	0	25	1100	20150610	20150617
E100826-20150614	20150613	ZQS	2000	Q1	100826	2051	20010003	1	PAL	18	0	18	1100	20150613	20150613
E100826-20150614	20150614	ZQS	2000	Q1	100826	2051	20010003	4	PAL	18	0	72	1100	20150614	20150614
E100826-20150614	20150609	ZQS	2000	Q1	100826	2051	20010002	6	PAL	25	0	150	1100	20150609	20150615
E100826-20150614	20150613	ZQS	2000	Q1	100826	2051	20010023	19	CV	.75	0	14.25	1100	20150613	20150613
E100826-20150614	20150614	ZQS	2000	Q1	100826	2051	20010091	183	CV	2	0	366	1100	20150614	20150614
E100826-20150614	20150611	ZQS	2000	Q1	100826	2051	20010002	30	PAL	19	0	570	1100	20150611	20150617
E100826-20150614	20150614	ZQS	2000	Q1	100826	2051	20010002	261	PAL	25	0	6525	1100	20150614	20150621
E100826-20150614	20150610	ZQS	2000	Q1	100826	2051	20010025	1	CV	3	0	3	1100	20150610	20150610
E100826-20150614	20150611	ZQS	2000	Q1	100826	2051	20010025	3	CV	3	0	9	1100	20150611	20150611
E100826-20150614	20150610	ZQS	2000	Q1	100826	2051	20010004	44	CV	.550008	0	24.2	1100	20150610	20150610
E100826-20150614	20150613	ZQS	2000	Q1	100826	2051	20010004	218	CV	.550008	0	119.9	1100	20150613	20150613
E100826-20150614	20150614	ZQS	2000	Q1	100826	2051	20010004	232	CV	.550008	0	127.6	1100	20150614	20150614
E100826-20150614	20150612	ZQS	2000	Q1	100826	2051	20010002	3	PAL	25	0	75	1100	20150612	20150619
E100826-20150614	20150613	ZQS	2000	Q1	100826	2051	20010002	64	PAL	25	0	1600	1100	20150613	20150620
E100826-20150614	20150614	ZQS	2000	Q1	100826	2051	20010002	31	PAL	19	0	589	1100	20150614	20150620
E100826-20150614	20150614	ZQS	2000	Q1	100826	2051	20010002	44	PAL	25	0	1100	1100	20150614	20150620
E100826-20150614	20150611	ZQS	2000	Q1	100826	2051	20010023	3	CV	.75	0	2.25	1100	20150611	20150611
E100826-20150614	20150611	ZQS	2000	Q1	100826	2051	20010002	24	PAL	25	0	600	1100	20150611	20150618
E100826-20150614	20150613	ZQS	2000	Q1	100826	2051	20010025	19	CV	3	0	57	1100	20150613	20150613
E100826-20150614	20150601	ZQS	2000	Q1	100826	2051	20010002	1	PAL	19	0	19	1100	20150601	20150607
E100826-20150614	20150608	ZQS	2000	Q1	100826	2051	20010002	2	PAL	19	0	38	1100	20150608	20150614
E100826-20150614	20150610	ZQS	2000	Q1	100826	2051	20010002	8	PAL	25	0	200	1100	20150610	20150616
E100826-20150614	20150613	ZQS	2000	Q1	100826	2051	20010002	55	PAL	19	0	1045	1100	20150613	20150619
E100826-20150614	20150610	ZQS	2000	Q1	100826	2051	20010023	1	CV	.75	0	.75	1100	20150610	20150610
E100826-20150614	20150613	ZQS	2000	Q1	100826	2051	20010002	2	PAL	25	0	50	1100	20150613	20150613
E100826-20150614	20150611	ZQS	2000	Q1	100826	2051	20010091	266	CV	2	0	532	1100	20150611	20150611
E100826-20150614	20150611	ZQS	2000	Q1	100826	2051	20010002	14	PAL	25	0	350	1100	20150611	20150617
F100826-20150614	20150611	ZQS	2000	Q1	100826	2003	20010002	1	PAL	19	0	19	1100	20150611	20150608
F100826-20150614	20150610	ZQS	2000	Q1	100826	2003	20010004	266	CV	.550008	0	146.3	1100	20150610	20150610
F100826-20150614	20150613	ZQS	2000	Q1	100826	2003	20010004	94	CV	.80301168	0	75.48	1100	20150613	20150613
F100826-20150614	20150610	ZQS	2000	Q1	100826	2003	20010002	37	PAL	19	0	703	1100	20150610	20150616
F100826-20150614	20150611	ZQS	2000	Q1	100826	2003	20010002	33	PAL	19	0	627	1100	20150611	20150613
F100826-20150614	20150613	ZQS	2000	Q1	100826	2003	20010002	1	PAL	19	0	19	1100	20150613	20150606
F100826-20150614	20150613	ZQS	2000	Q1	100826	2003	20010001	1	PAL	0	X	0	1100	20150613	20150613
F100826-20150614	20150613	ZQS	2000	Q1	100826	2003	20010004	1556	CV	.550008	0	855.81	1100	20150613	20150613
F100826-20150614	20150610	ZQS	2000	Q1	100826	2003	20010001	37	PAL	18	0	666	1100	20150610	20150610
F100826-20150614	20150611	ZQS	2000	Q1	100826	2003	20010002	482	PAL	19	0	9158	1100	20150611	20150617
F100826-20150614	20150610	ZQS	2000	Q1	100826	2003	20010003	20	PAL	18	0	360	1100	20150610	20150610
F100826-20150614	20150611	ZQS	2000	Q1	100826	2003	20010004	1909	CV	.550008	0	1049.97	1100	20150611	20150611
F100826-20150614	20150610	ZQS	2000	Q1	100826	2003	20010093	1813	CV	2	0	3626	1100	20150610	20150610
F100826-20150614	20150614	ZQS	2000	Q1	100826	2003	20010004	392	CV	.550008	0	215.6	1100	20150614	20150614
F100826-20150614	20150613	ZQS	2000	Q1	100826	2003	20010001	23	PAL	18	0	414	1100	20150613	20150613
F100826-20150614	20150611	ZQS	2000	Q1	100826	2003	20010003	62	PAL	18	0	1116	1100	20150611	20150611
F100826-20150614	20150614	ZQS	2000	Q1	100826	2003	20010093	310	CV	2	0	620	1100	20150614	20150614
F100826-20150614	20150614	ZQS	2000	Q1	100826	2003	20010002	138	PAL	19	0	2622	1100	20150614	20150620
F100826-20150614	20150611	ZQS	2000	Q1	100826	2003	20010001	107	PAL	18	0	1926	1100	20150611	20150611
F100826-20150614	20150614	ZQS	2000	Q1	100826	2003	20010003	36	PAL	18	0	648	1100	20150614	20150614
F100826-20150614	20150613	ZQS	2000	Q1	100826	2003	20010002	346	PAL	19	0	6574	1100	20150613	20150619
F100826-20150614	20150613	ZQS	2000	Q1	100826	2003	20010003	61	PAL	18	0	1098	1100	20150613	20150613
F100826-20150614	20150613	ZQS	2000	Q1	100826	2003	20010093	1095	CV	2	0	2190	1100	20150613	20150613
F100826-20150614	20150612	ZQS	2000	Q1	100826	2003	20010002	7	PAL	19	0	133	1100	20150612	20150618
I100826-20150614	20150610	ZQS	2000	Q1	100826	2007	20010002	3	PAL	19	0	57	1100	20150610	20150610
I100826-20150614	20150611	ZQS	2000	Q1	100826	2007	20010001	68	PAL	0	X	0	1100	20150611	20150611
I100826-20150614	20150611	ZQS	2000	Q1	100826	2007	20010002	17	PAL	19	0	323	1100	20150611	20150610
I100826-20150614	20150613	ZQS	2000	Q1	100826	2007	20010002	20	PAL	19	0	380	1100	20150613	20150616
I100826-20150614	20150613	ZQS	2000	Q1	100826	2007	20010002	37	PAL	19	0	703	1100	20150613	20150613
I100826-20150614	20150613	ZQS	2000	Q1	100826	2007	20010002	1	PAL	19	0	19	1100	20150613	20150407
I100826-20150614	20150614	ZQS	2000	Q1	100826	2007	20010002	1	PAL	19	0	19	1100	20150614	20150615
I100826-20150614	20150610	ZQS	2000	Q1	100826	2007	20010003	4	PAL	18	0	72	1100	20150610	20150610
I100826-20150614	20150611	ZQS	2000	Q1	100826	2007	20010004	326	CV	.80301168	0	261.78	1100	20150611	20150611
I100826-20150614	20150613	ZQS	2000	Q1	100826	2007	20010093	3820	CV	2	0	7640	1100	20150613	20150613
I100826-20150614	20150614	ZQS	2000	Q1	100826	2007	20010093	9302	CV	2	0	18604	1100	20150614	20150614
I100826-20150614	20150614	ZQS	2000	Q1	100826	2007	20010004	695	CV	.80301168	0	558.09	1100	20150614	20150614
I100826-20150614	20150601	ZQS	2000	Q1	100826	2007	20010002	1	PAL	19	0	19	1100	20150601	20150607
I100826-20150614	20150604	ZQS	2000	Q1	100826	2007	20010002	4	PAL	19	0	76	1100	20150604	20150610
I100826-20150614	20150606	ZQS	2000	Q1	100826	2007	20010002	4	PAL	19	0	76	1100	20150606	20150612
I100826-20150614	20150610	ZQS	2000	Q1	100826	2007	20010001	32	PAL	18	0	576	1100	20150610	20150610
I100826-20150614	20150611	ZQS	2000	Q1	100826	2007	20010024	155	CV	.75	0	116.25	1100	20150611	20150611
I100826-20150614	20150613	ZQS	2000	Q1	100826	2007	20010002	1	PAL	19	0	19	1100	20150613	20150602
I100826-20150614	20150610	ZQS	2000	Q1	100826	2007	20010004	340	CV	.550008	0	187	1100	20150610	20150610
I100826-20150614	20150602	ZQS	2000	Q1	100826	2007	20010002	8	PAL	19	0	152	1100	20150602	20150608
I100826-20150614	20150531	ZQS	2000	Q1	100826	2007	20010002	4	PAL	19	0	76	1100	20150531	20150606
I100826-20150614	20150610	ZQS	2000	Q1	100826	2007	20010024	160	CV	.75	0	120	1100	20150610	20150610
I100826-20150614	20150613	ZQS	2000	Q1	100826	2007	20010002	8	PAL	19	0	152	1100	20150613	20150614
I100826-20150614	20150614	ZQS	2000	Q1	100826	2007	20010026	20	CV	3	0	60	1100	20150614	20150614
I100826-20150614	20150611	ZQS	2000	Q1	100826	2007	20010004	7339	CV	.550008	0	4036.51	1100	20150611	20150611
I100826-20150614	20150612	ZQS	2000	Q1	100826	2007	20010004	1281	CV	.550008	0	704.56	1100	20150612	20150612
I100826-20150614	20150608	ZQS	2000	Q1	100826	2007	20010002	7	PAL	19	0	133	1100	20150608	20150614
I100826-20150614	20150603	ZQS	2000	Q1	100826	2007	20010002	3	PAL	19	0	57	1100	20150603	20150609
I100826-20150614	20150611	ZQS	2000	Q1	100826	2007	20010026	155	CV	3	0	465	1100	20150611	20150611
I100826-20150614	20150611	ZQS	2000	Q1	100826	2007	20010001	17	PAL	18	0	306	1100	20150611	20150611
I100826-20150614	20150613	ZQS	2000	Q1	100826	2007	20010026	486	CV	3	0	1458	1100	20150613	20150613
I100826-20150614	20150613	ZQS	2000	Q1	100826	2007	20010002	14	PAL	19	0	266	1100	20150613	20150610
I100826-20150614	20150614	ZQS	2000	Q1	100826	2007	20010002	5	PAL	19	0	95	1100	20150614	20150613
I100826-20150614	20150613	ZQS	2000	Q1	100826	2007	20010004	4927	CV	.550008	0	2709.89	1100	20150613	20150613
I100826-20150614	20150614	ZQS	2000	Q1	100826	2007	20010003	12	PAL	18	0	216	1100	20150614	20150614
I100826-20150614	20150611	ZQS	2000	Q1	100826	2007	20010002	568	PAL	19	0	10792	1100	20150611	20150617
I100826-20150614	20150605	ZQS	2000	Q1	100826	2007	20010002	1	PAL	19	0	19	1100	20150605	20150611
I100826-20150614	20150610	ZQS	2000	Q1	100826	2007	20010002	31	PAL	19	0	589	1100	20150610	20150616
I100826-20150614	20150613	ZQS	2000	Q1	100826	2007	20010002	15	PAL	19	0	285	1100	20150613	20150615
I100826-20150614	20150613	ZQS	2000	Q1	100826	2007	20010024	486	CV	.75	0	364.5	1100	20150613	20150613
I100826-20150614	20150613	ZQS	2000	Q1	100826	2007	20010002	7	PAL	19	0	133	1100	20150613	20150612
I100826-20150614	20150614	ZQS	2000	Q1	100826	2007	20010002	2	PAL	19	0	38	1100	20150614	20150610
I100826-20150614	20150614	ZQS	2000	Q1	100826	2007	20010024	20	CV	.75	0	15	1100	20150614	20150614
I100826-20150614	20150613	ZQS	2000	Q1	100826	2007	20010003	11	PAL	18	0	198	1100	20150613	20150613
I100826-20150614	20150610	ZQS	2000	Q1	100826	2007	20010026	160	CV	3	0	480	1100	20150610	20150610
I100826-20150614	20150610	ZQS	2000	Q1	100826	2007	20010001	73	PAL	0	X	0	1100	20150610	20150610
I100826-20150614	20150611	ZQS	2000	Q1	100826	2007	20010002	80	PAL	19	0	1520	1100	20150611	20150618
I100826-20150614	20150613	ZQS	2000	Q1	100826	2007	20010001	86	PAL	18	0	1548	1100	20150613	20150613
I100826-20150614	20150613	ZQS	2000	Q1	100826	2007	20010002	8	PAL	19	0	152	1100	20150613	20150617
I100826-20150614	20150614	ZQS	2000	Q1	100826	2007	20010002	574	PAL	19	0	10906	1100	20150614	20150620
I100826-20150614	20150611	ZQS	2000	Q1	100826	2007	20010093	6550	CV	2	0	13100	1100	20150611	20150611
I100826-20150614	20150612	ZQS	2000	Q1	100826	2007	20010003	4	PAL	18	0	72	1100	20150612	20150612
I100826-20150614	20150614	ZQS	2000	Q1	100826	2007	20010004	8690	CV	.550008	0	4779.57	1100	20150614	20150614
I100826-20150614	20150609	ZQS	2000	Q1	100826	2007	20010002	14	PAL	19	0	266	1100	20150609	20150615
I100826-20150614	20150612	ZQS	2000	Q1	100826	2007	20010002	26	PAL	19	0	494	1100	20150612	20150618
I100826-20150614	20150610	ZQS	2000	Q1	100826	2007	20010002	118	PAL	19	0	2242	1100	20150610	20150617
I100826-20150614	20150611	ZQS	2000	Q1	100826	2007	20010002	1	PAL	19	0	19	1100	20150611	20150614
I100826-20150614	20150613	ZQS	2000	Q1	100826	2007	20010002	669	PAL	19	0	12711	1100	20150613	20150619
I100826-20150614	20150613	ZQS	2000	Q1	100826	2007	20010001	68	PAL	0	X	0	1100	20150613	20150613
I100826-20150614	20150612	ZQS	2000	Q1	100826	2007	20010093	1461	CV	2	0	2922	1100	20150612	20150612
I100826-20150614	20150613	ZQS	2000	Q1	100826	2007	20010004	803	CV	.80301168	0	644.82	1100	20150613	20150613
I100826-20150614	20150607	ZQS	2000	Q1	100826	2007	20010002	6	PAL	19	0	114	1100	20150607	20150613
I100826-20150614	20150614	ZQS	2000	Q1	100826	2007	20010002	3	PAL	19	0	57	1100	20150614	20150616
I100826-20150614	20150611	ZQS	2000	Q1	100826	2007	20010003	29	PAL	18	0	522	1100	20150611	20150611
J100826-20150614	20150608	ZQS	2000	Q1	100826	2092	20010002	6	PAL	19	0	114	1100	20150608	20150606
J100826-20150614	20150608	ZQS	2000	Q1	100826	2092	20010002	3	PAL	19	0	57	1100	20150608	20150609
J100826-20150614	20150611	ZQS	2000	Q1	100826	2092	20010002	1	PAL	19	0	19	1100	20150611	20150305
J100826-20150614	20150613	ZQS	2000	Q1	100826	2092	20010004	1078	CV	.550008	0	592.91	1100	20150613	20150613
J100826-20150614	20150603	ZQS	2000	Q1	100826	2092	20010002	2	PAL	19	0	38	1100	20150603	20150609
J100826-20150614	20150613	ZQS	2000	Q1	100826	2092	20010002	48	PAL	19	0	912	1100	20150613	20150619
J100826-20150614	20150611	ZQS	2000	Q1	100826	2092	20010002	2	PAL	19	0	38	1100	20150611	20150612
J100826-20150614	20150608	ZQS	2000	Q1	100826	2092	20010001	37	PAL	18	0	666	1100	20150608	20150608
J100826-20150614	20150611	ZQS	2000	Q1	100826	2092	20010002	3	PAL	19	0	57	1100	20150611	20150606
J100826-20150614	20150611	ZQS	2000	Q1	100826	2092	20010002	1	PAL	19	0	19	1100	20150611	20150604
J100826-20150614	20150612	ZQS	2000	Q1	100826	2092	20010002	175	PAL	19	0	3325	1100	20150612	20150618
J100826-20150614	20150608	ZQS	2000	Q1	100826	2092	20010002	4	PAL	19	0	76	1100	20150608	20150611
J100826-20150614	20150608	ZQS	2000	Q1	100826	2092	20010002	20	PAL	19	0	380	1100	20150608	20150608
J100826-20150614	20150610	ZQS	2000	Q1	100826	2092	20010002	63	PAL	19	0	1197	1100	20150610	20150616
J100826-20150614	20150608	ZQS	2000	Q1	100826	2092	20010002	1	PAL	19	0	19	1100	20150608	20150505
J100826-20150614	20150611	ZQS	2000	Q1	100826	2092	20010002	1	PAL	19	0	19	1100	20150611	20150105
J100826-20150614	20150606	ZQS	2000	Q1	100826	2092	20010002	1	PAL	19	0	19	1100	20150606	20150612
J100826-20150614	20150607	ZQS	2000	Q1	100826	2092	20010002	106	PAL	19	0	2014	1100	20150607	20150613
J100826-20150614	20150609	ZQS	2000	Q1	100826	2092	20010002	103	PAL	19	0	1957	1100	20150609	20150615
J100826-20150614	20150611	ZQS	2000	Q1	100826	2092	20010002	14	PAL	19	0	266	1100	20150611	20150617
J100826-20150614	20150608	ZQS	2000	Q1	100826	2092	20010002	2	PAL	19	0	38	1100	20150608	20150602
J100826-20150614	20150608	ZQS	2000	Q1	100826	2092	20010002	1	PAL	19	0	19	1100	20150608	20150126
J100826-20150614	20150611	ZQS	2000	Q1	100826	2092	20010001	42	PAL	18	0	756	1100	20150611	20150611
J100826-20150614	20150611	ZQS	2000	Q1	100826	2092	20010002	2	PAL	19	0	38	1100	20150611	20150609
J100826-20150614	20150611	ZQS	2000	Q1	100826	2092	20010002	29	PAL	19	0	551	1100	20150611	20150611
J100826-20150614	20150611	ZQS	2000	Q1	100826	2092	20010002	3	PAL	19	0	57	1100	20150611	20150608
J100826-20150614	20150605	ZQS	2000	Q1	100826	2092	20010002	8	PAL	19	0	152	1100	20150605	20150611
J100826-20150614	20150608	ZQS	2000	Q1	100826	2092	20010002	50	PAL	19	0	950	1100	20150608	20150614
J100826-20150614	20150614	ZQS	2000	Q1	100826	2092	20010002	107	PAL	19	0	2033	1100	20150614	20150620
