C100826-20150308	20150308	ZQS	2000	Q1	100826	2002	20010091	12617	CV	2	0	0	1100	20150308	20150308
C100826-20150308	20150308	ZQS	2000	Q1	100826	2002	20010004	1206	CV	.80301168	0	0	1100	20150308	20150308
C100826-20150308	20150306	ZQS	2000	Q1	100826	2002	20010002	13	PAL	25	0	0	1100	20150306	20150308
C100826-20150308	20150306	ZQS	2000	Q1	100826	2002	20010001	9	PAL	18	0	0	1100	20150306	20150306
C100826-20150308	20150307	ZQS	2000	Q1	100826	2002	20010002	7	PAL	25	0	0	1100	20150307	20150306
C100826-20150308	20150307	ZQS	2000	Q1	100826	2002	20010002	8	PAL	25	0	0	1100	20150307	20150307
C100826-20150308	20150308	ZQS	2000	Q1	100826	2002	20010002	2202	PAL	25	0	0	1100	20150308	20150314
C100826-20150308	20150307	ZQS	2000	Q1	100826	2002	20010001	209	PAL	18	0	0	1100	20150307	20150307
C100826-20150308	20150305	ZQS	2000	Q1	100826	2002	20010002	40	PAL	25	0	0	1100	20150305	20150308
C100826-20150308	20150305	ZQS	2000	Q1	100826	2002	20010023	101	CV	.75	0	0	1100	20150305	20150305
C100826-20150308	20150305	ZQS	2000	Q1	100826	2002	20010025	101	CV	3	0	0	1100	20150305	20150305
C100826-20150308	20150305	ZQS	2000	Q1	100826	2002	20010010	1125	CV	3	0	0	1100	20150305	20150305
C100826-20150308	20150306	ZQS	2000	Q1	100826	2002	20010023	64	CV	.75	0	0	1100	20150306	20150306
C100826-20150308	20150306	ZQS	2000	Q1	100826	2002	20010025	64	CV	3	0	0	1100	20150306	20150306
C100826-20150308	20150304	ZQS	2000	Q1	100826	2002	20010002	8	PAL	25	0	0	1100	20150304	20150306
C100826-20150308	20150304	ZQS	2000	Q1	100826	2002	20010002	5	PAL	25	0	0	1100	20150304	20150304
C100826-20150308	20150307	ZQS	2000	Q1	100826	2002	20010025	148	CV	3	0	0	1100	20150307	20150307
C100826-20150308	20150307	ZQS	2000	Q1	100826	2002	20010002	18	PAL	25	0	0	1100	20150307	20150304
C100826-20150308	20150307	ZQS	2000	Q1	100826	2002	20010002	9	PAL	25	0	0	1100	20150307	20150310
C100826-20150308	20150308	ZQS	2000	Q1	100826	2002	20010002	3	PAL	25	0	0	1100	20150308	20150310
C100826-20150308	20150305	ZQS	2000	Q1	100826	2002	20010004	16264	CV	.550008	0	0	1100	20150305	20150305
C100826-20150308	20150307	ZQS	2000	Q1	100826	2002	20010002	1799	PAL	25	0	0	1100	20150307	20150313
C100826-20150308	20150304	ZQS	2000	Q1	100826	2002	20010002	5	PAL	25	0	0	1100	20150304	20150308
C100826-20150308	20150307	ZQS	2000	Q1	100826	2002	20010023	148	CV	.75	0	0	1100	20150307	20150307
C100826-20150308	20150307	ZQS	2000	Q1	100826	2002	20010002	1	PAL	25	0	0	1100	20150307	20150301
C100826-20150308	20150305	ZQS	2000	Q1	100826	2002	20010091	13567	CV	2	0	0	1100	20150305	20150305
C100826-20150308	20150307	ZQS	2000	Q1	100826	2002	20010004	11703	CV	.550008	0	0	1100	20150307	20150307
C100826-20150308	20150305	ZQS	2000	Q1	100826	2002	20010004	1195	CV	.80301168	0	0	1100	20150305	20150305
C100826-20150308	20150305	ZQS	2000	Q1	100826	2002	20010002	25	PAL	25	0	0	1100	20150305	20150306
C100826-20150308	20150306	ZQS	2000	Q1	100826	2002	20010002	3	PAL	25	0	0	1100	20150306	20150309
C100826-20150308	20150306	ZQS	2000	Q1	100826	2002	20010002	8	PAL	25	0	0	1100	20150306	20150307
C100826-20150308	20150308	ZQS	2000	Q1	100826	2002	20010002	2	PAL	25	0	0	1100	20150308	20150306
C100826-20150308	20150304	ZQS	2000	Q1	100826	2002	20010002	9	PAL	25	0	0	1100	20150304	20150310
C100826-20150308	20150305	ZQS	2000	Q1	100826	2002	20010002	1	PAL	25	0	0	1100	20150305	20150120
C100826-20150308	20150307	ZQS	2000	Q1	100826	2002	20010091	7072	CV	2	0	0	1100	20150307	20150307
C100826-20150308	20150307	ZQS	2000	Q1	100826	2002	20010004	682	CV	.80301168	0	0	1100	20150307	20150307
C100826-20150308	20150307	ZQS	2000	Q1	100826	2002	20010002	95	PAL	25	0	0	1100	20150307	20150308
C100826-20150308	20150308	ZQS	2000	Q1	100826	2002	20010023	55	CV	.75	0	0	1100	20150308	20150308
C100826-20150308	20150305	ZQS	2000	Q1	100826	2002	20010002	2152	PAL	25	0	0	1100	20150305	20150311
C100826-20150308	20150307	ZQS	2000	Q1	100826	2002	20010010	1749	CV	3	0	0	1100	20150307	20150307
C100826-20150308	20150306	ZQS	2000	Q1	100826	2002	20010004	1394	CV	.550008	0	0	1100	20150306	20150306
C100826-20150308	20150306	ZQS	2000	Q1	100826	2002	20010002	185	PAL	25	0	0	1100	20150306	20150312
C100826-20150308	20150308	ZQS	2000	Q1	100826	2002	20010003	43	PAL	18	0	0	1100	20150308	20150308
C100826-20150308	20150304	ZQS	2000	Q1	100826	2002	20010001	41	PAL	18	0	0	1100	20150304	20150304
C100826-20150308	20150306	ZQS	2000	Q1	100826	2002	20010002	7	PAL	25	0	0	1100	20150306	20150306
C100826-20150308	20150308	ZQS	2000	Q1	100826	2002	20010002	21	PAL	25	0	0	1100	20150308	20150307
C100826-20150308	20150306	ZQS	2000	Q1	100826	2002	20010002	2	PAL	25	0	0	1100	20150306	20150305
C100826-20150308	20150303	ZQS	2000	Q1	100826	2002	20010002	3	PAL	25	0	0	1100	20150303	20150309
C100826-20150308	20150308	ZQS	2000	Q1	100826	2002	20010004	12281	CV	.550008	0	0	1100	20150308	20150308
C100826-20150308	20150305	ZQS	2000	Q1	100826	2002	20010003	32	PAL	18	0	0	1100	20150305	20150305
C100826-20150308	20150308	ZQS	2000	Q1	100826	2002	20010025	55	CV	3	0	0	1100	20150308	20150308
C100826-20150308	20150308	ZQS	2000	Q1	100826	2002	20010002	4	PAL	25	0	0	1100	20150308	20150309
C100826-20150308	20150305	ZQS	2000	Q1	100826	2002	20010001	273	PAL	18	0	0	1100	20150305	20150305
C100826-20150308	20150305	ZQS	2000	Q1	100826	2002	20010002	32	PAL	25	0	0	1100	20150305	20150307
C100826-20150308	20150305	ZQS	2000	Q1	100826	2002	20010002	21	PAL	25	0	0	1100	20150305	20150309
C100826-20150308	20150305	ZQS	2000	Q1	100826	2002	20010002	25	PAL	25	0	0	1100	20150305	20150304
C100826-20150308	20150306	ZQS	2000	Q1	100826	2002	20010002	6	PAL	25	0	0	1100	20150306	20150304
C100826-20150308	20150307	ZQS	2000	Q1	100826	2002	20010002	15	PAL	25	0	0	1100	20150307	20150309
C100826-20150308	20150307	ZQS	2000	Q1	100826	2002	20010003	26	PAL	18	0	0	1100	20150307	20150307
C100826-20150308	20150306	ZQS	2000	Q1	100826	2002	20010002	6	PAL	25	0	0	1100	20150306	20150310
C100826-20150308	20150304	ZQS	2000	Q1	100826	2002	20010002	4	PAL	25	0	0	1100	20150304	20150305
C100826-20150308	20150307	ZQS	2000	Q1	100826	2002	20010002	1	PAL	25	0	0	1100	20150307	20150228
C100826-20150308	20150308	ZQS	2000	Q1	100826	2002	20010002	7	PAL	25	0	0	1100	20150308	20150308
C100826-20150308	20150307	ZQS	2000	Q1	100826	2002	20010002	1	PAL	25	0	0	1100	20150307	20150222
C100826-20150308	20150305	ZQS	2000	Q1	100826	2002	20010003	3	PAL	26.28	0	0	1100	20150305	20150305
C100826-20150308	20150304	ZQS	2000	Q1	100826	2002	20010002	2	PAL	25	0	0	1100	20150304	20150309
C100826-20150308	20150306	ZQS	2000	Q1	100826	2002	20010003	1	PAL	18	0	0	1100	20150306	20150306
C100826-20150308	20150302	ZQS	2000	Q1	100826	2002	20010002	2	PAL	25	0	0	1100	20150302	20150308
C100826-20150308	20150307	ZQS	2000	Q1	100826	2002	20010002	52	PAL	25	0	0	1100	20150307	20150311
C100826-20150308	20150305	ZQS	2000	Q1	100826	2002	20010002	55	PAL	25	0	0	1100	20150305	20150310
C100826-20150308	20150308	ZQS	2000	Q1	100826	2002	20010002	6	PAL	25	0	0	1100	20150308	20150304
C100826-20150308	20150306	ZQS	2000	Q1	100826	2002	20010091	1418	CV	2	0	0	1100	20150306	20150306
C100826-20150308	20150304	ZQS	2000	Q1	100826	2002	20010002	8	PAL	25	0	0	1100	20150304	20150307
C100826-20150308	20150305	ZQS	2000	Q1	100826	2002	20010002	2	PAL	25	0	0	1100	20150305	20150305
C100826-20150308	20150308	ZQS	2000	Q1	100826	2002	20010003	2	PAL	26.28	0	0	1100	20150308	20150308
C100826-20150308	20150308	ZQS	2000	Q1	100826	2002	20010001	37	PAL	18	0	0	1100	20150308	20150308
D100826-20150308	20150305	ZQS	2000	Q1	100826	2001	20010002	285	PAL	19	0	0	1100	20150305	20150311
D100826-20150308	20150305	ZQS	2000	Q1	100826	2001	20010002	31	PAL	19	0	0	1100	20150305	20150306
D100826-20150308	20150307	ZQS	2000	Q1	100826	2001	20010003	22	PAL	18	0	0	1100	20150307	20150307
D100826-20150308	20150308	ZQS	2000	Q1	100826	2001	20010002	1	PAL	19	0	0	1100	20150308	20150315
D100826-20150308	20150307	ZQS	2000	Q1	100826	2001	20010002	347	PAL	19	0	0	1100	20150307	20150313
D100826-20150308	20150306	ZQS	2000	Q1	100826	2001	20010002	57	PAL	19	0	0	1100	20150306	20150313
D100826-20150308	20150308	ZQS	2000	Q1	100826	2001	20010002	19	PAL	19	0	0	1100	20150308	20150314
D100826-20150308	20150307	ZQS	2000	Q1	100826	2001	20010002	1	PAL	19	0	0	1100	20150307	20150314
D100826-20150308	20150305	ZQS	2000	Q1	100826	2001	20010003	22	PAL	18	0	0	1100	20150305	20150305
D100826-20150308	20150305	ZQS	2000	Q1	100826	2001	20010004	4	CV	.550008	0	0	1100	20150305	20150305
D100826-20150308	20150305	ZQS	2000	Q1	100826	2001	20010001	31	PAL	18	0	0	1100	20150305	20150305
E100826-20150308	20150307	ZQS	2000	Q1	100826	2051	20010004	144	CV	.550008	0	0	1100	20150307	20150307
E100826-20150308	20150307	ZQS	2000	Q1	100826	2051	20010002	1	PAL	25	0	0	1100	20150307	20150305
E100826-20150308	20150307	ZQS	2000	Q1	100826	2051	20010002	3	PAL	25	0	0	1100	20150307	20150309
E100826-20150308	20150307	ZQS	2000	Q1	100826	2051	20010002	67	PAL	25	0	0	1100	20150307	20150314
E100826-20150308	20150305	ZQS	2000	Q1	100826	2051	20010002	1	PAL	25	0	0	1100	20150305	20150305
E100826-20150308	20150305	ZQS	2000	Q1	100826	2051	20010002	2	PAL	19	0	0	1100	20150305	20150312
E100826-20150308	20150305	ZQS	2000	Q1	100826	2051	20010004	86	CV	.550008	0	0	1100	20150305	20150305
E100826-20150308	20150307	ZQS	2000	Q1	100826	2051	20010003	2	PAL	18	0	0	1100	20150307	20150307
E100826-20150308	20150308	ZQS	2000	Q1	100826	2051	20010003	3	PAL	18	0	0	1100	20150308	20150308
E100826-20150308	20150304	ZQS	2000	Q1	100826	2051	20010002	1	PAL	25	0	0	1100	20150304	20150310
E100826-20150308	20150307	ZQS	2000	Q1	100826	2051	20010004	35	CV	.80301168	0	0	1100	20150307	20150307
E100826-20150308	20150308	ZQS	2000	Q1	100826	2051	20010002	40	PAL	25	0	0	1100	20150308	20150314
E100826-20150308	20150307	ZQS	2000	Q1	100826	2051	20010003	1	PAL	26.28	0	0	1100	20150307	20150307
E100826-20150308	20150308	ZQS	2000	Q1	100826	2051	20010004	437	CV	.550008	0	0	1100	20150308	20150308
E100826-20150308	20150307	ZQS	2000	Q1	100826	2051	20010002	5	PAL	25	0	0	1100	20150307	20150310
E100826-20150308	20150305	ZQS	2000	Q1	100826	2051	20010002	1	PAL	25	0	0	1100	20150305	20150307
E100826-20150308	20150305	ZQS	2000	Q1	100826	2051	20010025	5	CV	3	0	0	1100	20150305	20150305
E100826-20150308	20150222	ZQS	2000	Q1	100826	2051	20010002	1	PAL	25	0	0	1100	20150222	20150228
E100826-20150308	20150305	ZQS	2000	Q1	100826	2051	20010091	122	CV	2	0	0	1100	20150305	20150305
E100826-20150308	20150308	ZQS	2000	Q1	100826	2051	20010004	1	CV	.80301168	0	0	1100	20150308	20150308
E100826-20150308	20150305	ZQS	2000	Q1	100826	2051	20010023	5	CV	.75	0	0	1100	20150305	20150305
E100826-20150308	20150301	ZQS	2000	Q1	100826	2051	20010002	2	PAL	25	0	0	1100	20150301	20150307
E100826-20150308	20150302	ZQS	2000	Q1	100826	2051	20010002	3	PAL	25	0	0	1100	20150302	20150308
E100826-20150308	20150305	ZQS	2000	Q1	100826	2051	20010004	37	CV	.80301168	0	0	1100	20150305	20150305
E100826-20150308	20150307	ZQS	2000	Q1	100826	2051	20010023	11	CV	.75	0	0	1100	20150307	20150307
E100826-20150308	20150307	ZQS	2000	Q1	100826	2051	20010025	11	CV	3	0	0	1100	20150307	20150307
E100826-20150308	20150308	ZQS	2000	Q1	100826	2051	20010002	271	PAL	25	0	0	1100	20150308	20150315
E100826-20150308	20150307	ZQS	2000	Q1	100826	2051	20010091	182	CV	2	0	0	1100	20150307	20150307
E100826-20150308	20150305	ZQS	2000	Q1	100826	2051	20010002	40	PAL	25	0	0	1100	20150305	20150312
E100826-20150308	20150307	ZQS	2000	Q1	100826	2051	20010002	11	PAL	25	0	0	1100	20150307	20150313
E100826-20150308	20150308	ZQS	2000	Q1	100826	2051	20010091	441	CV	2	0	0	1100	20150308	20150308
E100826-20150308	20150306	ZQS	2000	Q1	100826	2051	20010002	3	PAL	25	0	0	1100	20150306	20150313
E100826-20150308	20150305	ZQS	2000	Q1	100826	2051	20010002	3	PAL	25	0	0	1100	20150305	20150311
G100826-20150308	20150307	ZQS	2000	Q1	100826	2006	20010002	9	PAL	25	0	0	1100	20150307	20150314
G100826-20150308	20150305	ZQS	2000	Q1	100826	2006	20010002	1	PAL	25	0	0	1100	20150305	20150312
G100826-20150308	20150308	ZQS	2000	Q1	100826	2006	20010002	3	PAL	25	0	0	1100	20150308	20150315
I100826-20150308	20150305	ZQS	2000	Q1	100826	2007	20010004	4545	CV	.550008	0	0	1100	20150305	20150305
I100826-20150308	20150305	ZQS	2000	Q1	100826	2007	20010093	3664	CV	2	0	0	1100	20150305	20150305
I100826-20150308	20150305	ZQS	2000	Q1	100826	2007	20010001	114	PAL	18	0	0	1100	20150305	20150305
I100826-20150308	20150305	ZQS	2000	Q1	100826	2007	20010002	30	PAL	19	0	0	1100	20150305	20150307
I100826-20150308	20150305	ZQS	2000	Q1	100826	2007	20010024	85	CV	.75	0	0	1100	20150305	20150305
I100826-20150308	20150305	ZQS	2000	Q1	100826	2007	20010026	85	CV	3	0	0	1100	20150305	20150305
I100826-20150308	20150305	ZQS	2000	Q1	100826	2007	20010002	1	PAL	19	0	0	1100	20150305	20150302
I100826-20150308	20150307	ZQS	2000	Q1	100826	2007	20010001	44	PAL	0	0	0	1100	20150307	20150307
I100826-20150308	20150307	ZQS	2000	Q1	100826	2007	20010026	48	CV	3	0	0	1100	20150307	20150307
I100826-20150308	20150307	ZQS	2000	Q1	100826	2007	20010003	6	PAL	18	0	0	1100	20150307	20150307
I100826-20150308	20150304	ZQS	2000	Q1	100826	2007	20010003	1	PAL	26.28	0	0	1100	20150304	20150304
I100826-20150308	20150305	ZQS	2000	Q1	100826	2007	20010002	13	PAL	19	0	0	1100	20150305	20150309
I100826-20150308	20150305	ZQS	2000	Q1	100826	2007	20010002	14	PAL	19	0	0	1100	20150305	20150308
I100826-20150308	20150306	ZQS	2000	Q1	100826	2007	20010004	2042	CV	.550008	0	0	1100	20150306	20150306
I100826-20150308	20150307	ZQS	2000	Q1	100826	2007	20010002	657	PAL	19	0	0	1100	20150307	20150313
I100826-20150308	20150308	ZQS	2000	Q1	100826	2007	20010002	368	PAL	19	0	0	1100	20150308	20150314
I100826-20150308	20150307	ZQS	2000	Q1	100826	2007	20010002	8	PAL	19	0	0	1100	20150307	20150306
I100826-20150308	20150307	ZQS	2000	Q1	100826	2007	20010004	75	CV	.80301168	0	0	1100	20150307	20150307
I100826-20150308	20150305	ZQS	2000	Q1	100826	2007	20010002	1	PAL	19	0	0	1100	20150305	20150227
I100826-20150308	20150305	ZQS	2000	Q1	100826	2007	20010002	1	PAL	0	0	0	1100	20150305	20150310
I100826-20150308	20150307	ZQS	2000	Q1	100826	2007	20010004	5039	CV	.550008	0	0	1100	20150307	20150307
I100826-20150308	20150307	ZQS	2000	Q1	100826	2007	20010093	3826	CV	2	0	0	1100	20150307	20150307
I100826-20150308	20150307	ZQS	2000	Q1	100826	2007	20010002	15	PAL	19	0	0	1100	20150307	20150309
I100826-20150308	20150308	ZQS	2000	Q1	100826	2007	20010004	6367	CV	.550008	0	0	1100	20150308	20150308
I100826-20150308	20150308	ZQS	2000	Q1	100826	2007	20010002	1	PAL	19	0	0	1100	20150308	20150308
I100826-20150308	20150307	ZQS	2000	Q1	100826	2007	20010002	9	PAL	19	0	0	1100	20150307	20150304
I100826-20150308	20150304	ZQS	2000	Q1	100826	2007	20010093	1329	CV	2	0	0	1100	20150304	20150304
I100826-20150308	20150305	ZQS	2000	Q1	100826	2007	20010002	3	PAL	19	0	0	1100	20150305	20150305
I100826-20150308	20150305	ZQS	2000	Q1	100826	2007	20010002	30	PAL	19	0	0	1100	20150305	20150303
I100826-20150308	20150307	ZQS	2000	Q1	100826	2007	20010001	69	PAL	18	0	0	1100	20150307	20150307
I100826-20150308	20150307	ZQS	2000	Q1	100826	2007	20010002	8	PAL	19	0	0	1100	20150307	20150308
I100826-20150308	20150308	ZQS	2000	Q1	100826	2007	20010093	5487	CV	2	0	0	1100	20150308	20150308
I100826-20150308	20150308	ZQS	2000	Q1	100826	2007	20010003	11	PAL	18	0	0	1100	20150308	20150308
I100826-20150308	20150306	ZQS	2000	Q1	100826	2007	20010003	1	PAL	18	0	0	1100	20150306	20150306
I100826-20150308	20150305	ZQS	2000	Q1	100826	2007	20010004	421	CV	.80301168	0	0	1100	20150305	20150305
I100826-20150308	20150305	ZQS	2000	Q1	100826	2007	20010003	2	PAL	18	0	0	1100	20150305	20150305
I100826-20150308	20150305	ZQS	2000	Q1	100826	2007	20010001	45	PAL	0	0	0	1100	20150305	20150305
I100826-20150308	20150307	ZQS	2000	Q1	100826	2007	20010002	16	PAL	19	0	0	1100	20150307	20150310
I100826-20150308	20150306	ZQS	2000	Q1	100826	2007	20010002	63	PAL	19	0	0	1100	20150306	20150312
I100826-20150308	20150305	ZQS	2000	Q1	100826	2007	20010002	446	PAL	19	0	0	1100	20150305	20150311
I100826-20150308	20150305	ZQS	2000	Q1	100826	2007	20010002	15	PAL	19	0	0	1100	20150305	20150304
I100826-20150308	20150305	ZQS	2000	Q1	100826	2007	20010002	8	PAL	19	0	0	1100	20150305	20150301
I100826-20150308	20150306	ZQS	2000	Q1	100826	2007	20010093	2033	CV	2	0	0	1100	20150306	20150306
I100826-20150308	20150307	ZQS	2000	Q1	100826	2007	20010024	48	CV	.75	0	0	1100	20150307	20150307
I100826-20150308	20150304	ZQS	2000	Q1	100826	2007	20010004	153	CV	.80301168	0	0	1100	20150304	20150304
I100826-20150308	20150305	ZQS	2000	Q1	100826	2007	20010002	23	PAL	19	0	0	1100	20150305	20150310
I100826-20150308	20150308	ZQS	2000	Q1	100826	2007	20010001	11	PAL	18	0	0	1100	20150308	20150308
I100826-20150308	20150302	ZQS	2000	Q1	100826	2007	20010002	1	PAL	19	0	0	1100	20150302	20150308
I100826-20150308	20150304	ZQS	2000	Q1	100826	2007	20010004	1104	CV	.550008	0	0	1100	20150304	20150304
I100826-20150308	20150305	ZQS	2000	Q1	100826	2007	20010002	5	PAL	19	0	0	1100	20150305	20150306
I100826-20150308	20150307	ZQS	2000	Q1	100826	2007	20010002	11	PAL	19	0	0	1100	20150307	20150307
I100826-20150308	20150308	ZQS	2000	Q1	100826	2007	20010004	12	CV	.80301168	0	0	1100	20150308	20150308
I100826-20150308	20150303	ZQS	2000	Q1	100826	2007	20010002	1	PAL	19	0	0	1100	20150303	20150309
J100826-20150308	20150305	ZQS	2000	Q1	100826	2092	20010093	779	CV	2	0	0	1100	20150305	20150305
J100826-20150308	20150305	ZQS	2000	Q1	100826	2092	20010004	20	CV	.80301168	0	0	1100	20150305	20150305
J100826-20150308	20150305	ZQS	2000	Q1	100826	2092	20010002	25	PAL	0	0	0	1100	20150305	20150305
J100826-20150308	20150306	ZQS	2000	Q1	100826	2092	20010001	38	PAL	0	0	0	1100	20150306	20150306
J100826-20150308	20150308	ZQS	2000	Q1	100826	2092	20010003	19	PAL	18	0	0	1100	20150308	20150308
J100826-20150308	20150308	ZQS	2000	Q1	100826	2092	20010004	986	CV	.550008	0	0	1100	20150308	20150308
J100826-20150308	20150307	ZQS	2000	Q1	100826	2092	20010002	1	PAL	0	0	0	1100	20150307	20150224
J100826-20150308	20150305	ZQS	2000	Q1	100826	2092	20010001	41	PAL	0	0	0	1100	20150305	20150305
J100826-20150308	20150305	ZQS	2000	Q1	100826	2092	20010002	1	PAL	0	0	0	1100	20150305	20150110
J100826-20150308	20150305	ZQS	2000	Q1	100826	2092	20010002	3	PAL	0	0	0	1100	20150305	20150209
J100826-20150308	20150307	ZQS	2000	Q1	100826	2092	20010002	2	PAL	0	0	0	1100	20150307	20150219
J100826-20150308	20150307	ZQS	2000	Q1	100826	2092	20010002	1	PAL	0	0	0	1100	20150307	20141229
J100826-20150308	20150305	ZQS	2000	Q1	100826	2092	20010002	1	PAL	0	0	0	1100	20150305	20150101
J100826-20150308	20150306	ZQS	2000	Q1	100826	2092	20010002	1	PAL	0	0	0	1100	20150306	20150202
J100826-20150308	20150306	ZQS	2000	Q1	100826	2092	20010002	7	PAL	0	0	0	1100	20150306	20150305
J100826-20150308	20150306	ZQS	2000	Q1	100826	2092	20010002	1	PAL	0	0	0	1100	20150306	20150112
J100826-20150308	20150308	ZQS	2000	Q1	100826	2092	20010093	350	CV	2	0	0	1100	20150308	20150308
J100826-20150308	20150306	ZQS	2000	Q1	100826	2092	20010002	1	PAL	0	0	0	1100	20150306	20141203
J100826-20150308	20150305	ZQS	2000	Q1	100826	2092	20010002	78	PAL	19	0	0	1100	20150305	20150311
J100826-20150308	20150306	ZQS	2000	Q1	100826	2092	20010002	1	PAL	0	0	0	1100	20150306	20150116
J100826-20150308	20150305	ZQS	2000	Q1	100826	2092	20010004	850	CV	.550008	0	0	1100	20150305	20150305
J100826-20150308	20150307	ZQS	2000	Q1	100826	2092	20010003	44	PAL	18	0	0	1100	20150307	20150307
J100826-20150308	20150308	ZQS	2000	Q1	100826	2092	20010002	128	PAL	19	0	0	1100	20150308	20150314
J100826-20150308	20150306	ZQS	2000	Q1	100826	2092	20010002	1	PAL	0	0	0	1100	20150306	20141229
J100826-20150308	20150305	ZQS	2000	Q1	100826	2092	20010002	1	PAL	0	0	0	1100	20150305	20141229
J100826-20150308	20150305	ZQS	2000	Q1	100826	2092	20010002	2	PAL	0	0	0	1100	20150305	20150202
J100826-20150308	20150307	ZQS	2000	Q1	100826	2092	20010002	1	PAL	0	0	0	1100	20150307	20150202
J100826-20150308	20150305	ZQS	2000	Q1	100826	2092	20010003	34	PAL	18	0	0	1100	20150305	20150305
J100826-20150308	20150307	ZQS	2000	Q1	100826	2092	20010001	18	PAL	0	0	0	1100	20150307	20150307
J100826-20150308	20150303	ZQS	2000	Q1	100826	2092	20010002	1	PAL	19	0	0	1100	20150303	20150309
J100826-20150308	20150305	ZQS	2000	Q1	100826	2092	20010002	1	PAL	0	0	0	1100	20150305	20150307
J100826-20150308	20150305	ZQS	2000	Q1	100826	2092	20010002	1	PAL	0	0	0	1100	20150305	20150303
J100826-20150308	20150305	ZQS	2000	Q1	100826	2092	20010003	8	PAL	26.28	0	0	1100	20150305	20150305
J100826-20150308	20150306	ZQS	2000	Q1	100826	2092	20010002	23	PAL	0	0	0	1100	20150306	20150306
J100826-20150308	20150307	ZQS	2000	Q1	100826	2092	20010002	1	PAL	0	0	0	1100	20150307	20150110
J100826-20150308	20150307	ZQS	2000	Q1	100826	2092	20010093	660	CV	2	0	0	1100	20150307	20150307
J100826-20150308	20150307	ZQS	2000	Q1	100826	2092	20010001	56	PAL	18	0	0	1100	20150307	20150307
J100826-20150308	20150307	ZQS	2000	Q1	100826	2092	20010002	266	PAL	19	0	0	1100	20150307	20150313
J100826-20150308	20150305	ZQS	2000	Q1	100826	2092	20010002	1	PAL	0	0	0	1100	20150305	20150205
J100826-20150308	20150305	ZQS	2000	Q1	100826	2092	20010002	2	PAL	0	0	0	1100	20150305	20150122
J100826-20150308	20150306	ZQS	2000	Q1	100826	2092	20010002	1	PAL	0	0	0	1100	20150306	20150219
J100826-20150308	20150307	ZQS	2000	Q1	100826	2092	20010004	612	CV	.550008	0	0	1100	20150307	20150307
J100826-20150308	20150305	ZQS	2000	Q1	100826	2092	20010002	1	PAL	0	0	0	1100	20150305	20141208
J100826-20150308	20150306	ZQS	2000	Q1	100826	2092	20010002	1	PAL	0	0	0	1100	20150306	20141208
J100826-20150308	20150307	ZQS	2000	Q1	100826	2092	20010002	1	PAL	0	0	0	1100	20150307	20150129
J100826-20150308	20150307	ZQS	2000	Q1	100826	2092	20010002	1	PAL	0	0	0	1100	20150307	20150223
J100826-20150308	20150305	ZQS	2000	Q1	100826	2092	20010002	1	PAL	0	0	0	1100	20150305	20150306
J100826-20150308	20150307	ZQS	2000	Q1	100826	2092	20010002	8	PAL	0	0	0	1100	20150307	20150307
J100826-20150308	20150307	ZQS	2000	Q1	100826	2092	20010002	2	PAL	0	0	0	1100	20150307	20150305
J100826-20150308	20150305	ZQS	2000	Q1	100826	2092	20010002	1	PAL	0	0	0	1100	20150305	20141106
J100826-20150308	20150306	ZQS	2000	Q1	100826	2092	20010002	27	PAL	19	0	0	1100	20150306	20150312
J100826-20150308	20150306	ZQS	2000	Q1	100826	2092	20010002	1	PAL	0	0	0	1100	20150306	20150309
